414591	394454	979856	480123	52995	499785	601725	344522	494390	467858
771926	868988	260629	437537	200203	361434	937679	366142	242361	997732
190320	880801	658384	5486	933525	180672	903731	93059	859440	740205
21616	460914	550258	905781	612822	344721	935100	516161	691516	590374
762531	974507	358176	878043	141002	541256	893926	475491	73646	219918
204582	334557	690916	701536	651163	19183	574799	231727	711752	169837
486326	186849	879176	446704	412929	562558	356913	815368	539737	407965
237931	239932	856854	491987	929653	484122	595626	461134	268096	414514
308326	763106	403789	362434	332978	801104	710468	42726	554123	842384
406553	397891	80233	735608	4284	167441	741348	577390	474531	301289
246037	974699	259217	701893	268555	200281	245568	464878	975706	987238
547175	903102	71985	90687	65263	328247	567989	50395	914863	8385
939002	592800	902036	47252	787107	745685	586323	894083	605001	840527
734267	721161	33706	817840	65894	14961	643466	325020	839081	599893
348741	80222	6842	906986	902257	862117	390699	203645	269487	772249
755101	309229	432849	714863	525425	771355	33313	568488	874426	5042
640625	818080	388229	417797	838194	853521	379864	610053	442043	690086
182378	941437	387823	152505	21727	65135	546644	117513	528297	972668
20151	318714	966882	691592	654142	528651	131748	294925	318024	830795
227635	220269	967108	985051	351823	821365	349522	190116	166375	284915
479732	550775	133207	465825	5599	336834	85717	850261	499703	101795
155097	469839	291591	493579	271843	316001	134863	864233	27968	884250
982988	426728	591005	87526	107086	382826	236965	928638	797237	846439
667726	867773	521093	804447	535108	407424	703933	938068	49627	960575
910001	373094	740462	509668	866633	645869	588002	889180	816929	213125
717469	135648	208791	750653	393901	286757	958155	556918	961569	506603
592858	532350	820953	946661	303347	99820	223526	820193	70823	487040
596141	7249	396328	851216	840761	871392	159712	282057	989139	670834
100057	625765	391119	308991	904947	469398	420504	577426	606382	210460
249775	61160	123098	370628	939448	402754	8551	452606	117009	383520
439041	714500	624886	288844	681097	46824	813862	804581	725414	551259
907602	551295	807746	146086	484005	253077	266784	594873	434824	858466
397670	525006	443220	692660	891684	48046	619229	914852	294679	357265
522952	804048	945098	902807	328973	972612	208970	404375	529232	389771
57098	943913	498161	657077	576881	193346	779753	477531	795705	530519
678454	940989	930921	440507	178064	534935	174686	743123	710078	837701
216270	631474	551808	145154	641630	901021	477443	770574	480406	960304
853764	125577	519312	504098	137522	541270	513152	345475	44698	462287
264275	322733	58489	606910	584778	101765	551151	48025	208107	720288
857406	484879	929298	640105	170513	409795	904995	75561	186164	380253
565071	292502	589267	58626	466852	365113	258051	723845	225746	166175
422392	192791	475291	870527	897321	288697	536206	176531	962185	507831
83257	255983	782902	251960	856629	372425	313820	618885	599196	19323
848326	460579	730187	182672	724415	144007	728431	240942	959274	399536
82095	905006	457325	461211	429432	497150	130101	67064	555128	740941
884932	575811	237248	340464	938611	56728	691685	817742	443277	237773
821343	203284	825017	982322	668640	816970	358357	681414	183500	53441
574851	93020	949022	470033	692526	81066	84384	412102	493481	513800
933777	840473	999737	336162	473594	647257	447751	916011	290890	806824
794716	219117	753599	72394	587463	329758	94538	917755	555049	845270
750210	6807	539936	996290	153825	904523	112991	956902	255450	200059
619991	966408	600013	638355	898634	110912	461288	243871	88235	151195
26246	785383	784983	332418	646154	588165	39766	278191	762265	599467
446632	10987	956070	359743	441441	991969	298145	841907	460569	821687
78386	464391	238957	956132	254282	705596	382979	486003	863640	731182
461600	544835	105833	654726	2989	438383	590136	721707	883966	282262
945745	192788	947092	827754	698338	503448	774420	467499	857018	328207
955518	15516	64326	126658	848288	645057	828815	244203	982179	742969
644149	972825	883651	520541	494499	649142	99471	9146	586440	719300
54494	748249	162456	646867	306813	337209	992028	823848	922216	792721
818101	144291	490372	400171	628047	139551	48617	515031	86806	505219
880367	197469	585283	986666	409541	411892	405044	291038	379633	623592
679348	564315	958280	815614	898473	836859	744680	282411	118905	451919
742733	873544	902930	788883	15388	996932	626065	64507	417120	713824
365	745221	562287	173643	870796	824977	880366	777064	900417	337845
240906	126357	734763	328159	109204	423743	475228	38038	314678	146026
153665	77788	999679	627856	515185	995621	815386	765705	348680	315187
364261	386838	384112	798625	750739	760869	513868	544269	200889	338099
228070	83303	205660	467646	559781	867902	764700	879604	380527	369794
510725	229711	48908	337809	544487	105103	826180	435623	997319	788932
198981	813110	649122	742569	768484	742080	917918	958281	461796	598183
280586	252230	88507	762318	118333	195775	241464	446017	219093	352338
235761	158825	206716	644681	817610	535752	106497	383268	983952	202079
609362	569377	574209	153880	363203	330417	938095	939164	858585	210565
427829	822345	603521	515760	530169	969446	442	854600	237216	665357
625634	560625	74435	665519	296531	675962	456733	502791	339821	891694
675749	6202	73649	722684	929349	852450	915829	690457	132825	809529
16248	915761	919150	790850	363174	935024	204723	279311	266069	829917
972286	587472	194628	859045	449506	212906	850008	124713	524495	900909
591102	396337	847124	11822	560872	126357	120776	856754	441430	149365
231083	328547	820239	261436	265159	250877	706915	251162	802498	193898
616343	845840	111995	162290	955809	634682	437117	500791	225657	788280
865115	751999	705912	185890	967043	550223	678778	111210	154180	652029
126705	987759	979163	974698	972315	375360	862854	495115	317839	384856
465100	912281	303869	309637	973517	511548	209400	441162	827456	228204
646282	471367	378604	225679	78638	795053	478927	51539	51750	354679
851670	703484	718648	395610	60045	167242	714751	493748	93277	131247
365869	890470	598478	195124	139900	154334	758937	59172	697306	791536
191366	158303	5659	468828	826785	61106	175544	192676	13641	779349
284183	310896	833918	277486	46254	307232	469176	597831	725341	625335
644619	194340	732898	985512	362877	774995	369469	480114	31997	462002
291141	536114	156648	657806	703939	878762	413873	271035	264782	398628
25555	124588	200267	840139	154551	534144	341312	763820	691666	367467
185239	744861	551026	552440	696785	626671	853869	490885	587175	23723
462794	929242	924821	176081	358837	552932	803918	715889	957560	41015
992149	386493	148361	536959	214140	921378	666189	675472	304480	886950
942196	932071	867764	330587	345230	54653	283909	389523	941328	413937
340586	217522	371550	940211	989216	779037	306126	235025	913212	185966
752926	648618	724356	598738	780199	912785	67161	813873	894976	284979
139311	562379	833236	712965	811380	496210	271632	340564	890074	232471
