584860	27350	295387	959368	130602	440977	304387	768202	364648	901992
626405	140533	518659	880109	952837	40763	114907	170646	244821	761491
904533	278415	650119	437403	550882	217863	866367	359258	572796	551166
336357	77408	679887	423667	69893	456258	677059	325648	622087	894484
378886	223755	571986	837139	524797	40679	81118	512051	812100	984032
866452	710411	373983	851984	907211	893539	519771	393725	51375	689182
926065	841971	248748	574045	428254	596588	230066	42874	26004	82046
222112	676085	997371	557366	764531	688889	677477	788032	944679	527147
84999	368381	953679	110035	999672	633803	37236	953438	37150	540495
653836	851286	752474	251160	251491	445660	161460	676760	943304	989093
304740	165157	884212	285867	163100	550917	53572	845654	636915	614803
742753	824452	27742	370820	137330	555707	618001	411850	619146	483223
552009	622701	471168	506552	204313	739855	615494	860226	95806	926771
530280	421260	589029	780562	8793	971947	363169	3347	815091	527996
65844	381404	443993	145675	461469	237811	882674	128917	190671	169826
240169	527608	217714	945051	772823	37593	162986	995369	977043	853248
396331	62245	353584	389048	475170	748467	286156	566404	82138	352258
576269	159654	463731	197518	661543	702395	105520	268826	212594	456004
18667	645885	195413	321694	402613	882893	378330	86710	556126	122316
465884	423739	378970	516935	569188	646159	657249	3446	449119	894130
356745	525410	69109	858474	285122	236696	895049	272270	801745	305946
509646	194358	27883	378721	69287	410094	948145	717710	880420	979357
946045	882073	176676	712998	651880	293205	327774	700944	186550	262719
464134	57420	545072	762544	921690	584930	549526	902687	802685	954279
404321	929142	454436	718357	304897	888070	302925	990791	716861	217862
567778	294944	314292	29497	588533	421868	191344	470528	28390	482377
467552	419946	602591	415651	155999	323017	128698	842704	85291	94657
316752	431440	591488	32592	505848	219246	180311	676625	253125	413563
952889	2218	5397	904655	388774	383096	553547	954197	850862	129559
979957	831486	188377	710680	272665	487998	723790	805139	574178	937369
747099	377791	794074	136035	748596	846335	120182	422853	10765	715577
396548	843957	307608	559207	221251	722116	50024	757223	882851	111403
40377	534417	198161	42819	191844	254107	222788	397884	574973	738860
733413	184839	238017	458301	493066	269290	243408	101889	49711	148611
85811	733041	243269	124815	516940	186909	565528	830283	981890	649471
641962	544515	754667	246838	741953	885689	277533	347501	393251	696092
330699	208635	270095	584149	597692	381334	115334	379054	352089	158462
632728	555557	196267	401869	125497	632759	593251	469752	916455	389761
699712	383325	508855	822854	315272	194107	405240	363920	3382	475312
456075	95139	180713	784930	544109	222010	226730	286250	983063	627143
366770	255055	937991	926787	441821	437686	677520	326409	522655	783450
327096	572990	53276	643834	769959	94479	749883	927678	403255	869346
624072	445693	664056	247069	330084	680819	291275	14413	818088	422413
2713	177273	726879	896154	141780	348184	501047	579923	813649	443105
329826	218888	441401	693307	634918	621226	20455	564333	349260	864996
273167	749402	616099	27729	187977	210540	736827	495223	332205	970958
414304	652862	402919	369787	239994	850885	540197	433333	322904	160646
131467	89491	368601	314312	176026	432610	851247	338187	127517	462764
709840	319697	571804	22701	992250	465520	61216	107319	44530	253230
428921	853968	803114	555916	555651	649572	16335	299132	983422	655965
374018	437029	970384	963410	570526	967078	155814	171356	601552	631552
411520	55820	921860	99673	857681	938929	841739	224327	198009	972245
667872	904597	444104	580988	836694	648520	718493	361655	596248	592083
722301	725767	768817	802629	703126	212895	907793	756141	525047	502907
676482	679897	602851	707183	917346	476353	317599	912586	370753	604373
153037	594	536662	284071	777639	551554	717938	982997	544340	691885
278248	426722	11835	619790	361874	297295	332193	754540	795644	621165
672691	371656	125004	932140	404048	531834	231403	374334	704260	53831
271616	522997	385521	154258	125187	930454	360022	762019	336087	234261
924878	700447	374497	248375	139535	871839	132236	771534	3293	519029
889571	361468	646908	956288	108353	930785	708151	860810	561523	822562
493928	51162	24761	564161	739437	605619	315936	595447	856746	685408
224466	426652	320910	165293	15992	327968	74706	159458	101284	833347
935822	32784	51551	652749	405646	918518	216510	912192	222745	36598
230491	808225	514127	654124	48106	339074	582200	981260	141873	110052
900557	992698	393003	661282	708948	921913	652677	202312	768960	967319
175199	329612	993342	376697	148596	75223	345206	80717	58227	894720
914013	485515	213694	112642	143212	535002	826806	245556	414045	653613
596986	820503	233512	651732	843049	461008	67841	219660	214840	186636
104898	100212	315811	349416	202419	56504	370319	208653	369752	884778
753568	803426	137623	500567	243810	592383	663144	104141	775698	344979
844863	631219	513664	933037	340437	158612	794398	415126	91431	826586
767635	302384	918853	586519	980798	144932	528124	900064	918898	579011
350820	138556	709054	53515	411832	367862	569114	626487	673464	468804
493407	595646	975777	133972	894440	877492	582176	26852	841552	347948
216435	623262	417927	987375	61506	447120	506710	626897	156122	764263
844415	402425	230822	16547	720890	132438	565970	481949	97657	333571
727369	242304	116982	882764	778202	199844	989450	652047	555143	573898
862827	730772	243803	732761	68598	134017	416034	923193	864611	626218
671613	954097	500567	815121	500054	317002	388973	124505	481488	753225
762375	837803	511984	765768	454463	498499	492738	421411	257805	608250
192384	635261	24131	511408	253770	273287	24041	44827	895733	270685
619254	942130	464516	485470	12815	442809	454963	439204	261357	692674
96578	349897	855976	190669	224930	657579	899985	605221	2203	836692
224951	683311	878849	960903	367156	304646	6347	921518	152136	198992
357242	357009	422111	560344	69275	733426	509753	657548	303568	169542
843733	337327	135270	773120	96843	890034	650846	96529	831637	681930
572301	231020	994321	820652	666086	13205	960598	613358	905693	3528
150164	870543	460897	875597	781546	835526	881739	869001	666537	835415
869622	685763	746569	2645	560778	500568	530749	429911	892492	537964
953882	901668	231581	35374	55369	226111	903681	543317	304522	394407
578869	830141	734942	241156	801600	207288	553380	2055	555701	692041
807361	403391	427569	706913	494505	622539	821387	779856	808269	865096
911141	127017	295174	983652	150070	472660	67347	686435	135794	838962
285493	196773	368954	833483	119547	444746	13759	627795	924820	260627
802731	590413	138884	642974	266461	631315	506510	44260	446658	643410
673237	795160	801408	686698	247549	97154	911899	451459	198920	90708
574744	686054	402230	128623	125921	847775	557188	56156	176370	249997
14432	667140	624854	299542	486937	934949	582744	201134	791305	785966
283166	562874	597847	797127	658923	141863	504587	967816	658595	671952
